05f4b9b0d5
AA AA BF FE BF FE 04 10

01 01 11 11 
01 00 10 11 10 01 10 
11 00 00 11 01 01 01



10 10 10 10 10 10 10 10
10 11 11 11 11 11 11 10
10 11 11 11 11 11 11 10
00 00 01 00 00 01 00 00

10 10 10 10 10 10 10 10
10 11 11 11 11 11 11 10
10 11 11 11 11 11 11 10
00 00 01 00 00 01 00 00

1010101010101010
1011111111111110
1011111111111110
0000010000010000

1010101010101010101111111111111010111111111111100000010000010000

00AAAABFFEBFFE0410
00aaaabffebffe0410
00aaaabffebffe0410

11 11 11 11 11 11 11 11 
11 10 10 10 10 10 10 11 
11 10 10 10 10 10 10 11 
00 00 01 00 00 01 00 00


   2    0       1    8
0010 0000    0001 1000
32 / 8 = 4   24 / 8 = 3


0 0 0 0 0 0 1c 0 8 0 0 0 7 80 c 0 0 0 3 ff ff
0000000000001c000800000007800c00000003ffff

000000000111000000
000000001000000000
000000000000000000
000001111000000000
001100000000000000
000000000000000000
111111111111111111

00 00 00 00 00 00 70 00 80 00 00 07 00 30 00 00 00 ff ff
0000000000007000800000070030000000ffff
0000000000007000800000070030000000ffff

0000000001110000
0000000010000000
0000000000000000
0000011100000000
0011000000000000
0000000000000000
1111111111111111